39,52
39,51
39,50
39,49
39,48
39,47
39,46
39,45
39,44
39,43
39,42
39,41
39,40
39,39
39,38
39,37
39,36
39,35
10,90
10,167
10,89
10,19
10,226
10,302
10,279
10,2
10,3
11,10
11,7
11,16
8,9
8,17
8,6
36,5
36,4
36,3
36,2
36,1
36,0
35,4
35,3
35,2
35,1
35,0
34,4
34,3
34,2
34,1
34,0
31,3
31,1
20,3
20,2
20,1
19,3
19,2
19,1
18,3
18,1
14,3
14,1
13,3
13,1
12,3
12,2
12,1
11,27
11,23
11,22
11,17
11,15
11,13
11,12
11,6
11,5
11,4
11,3
11,2
11,1
11,0
10,246
10,228
10,215
10,204
10,191
10,190
10,189
10,188
10,187
10,186
10,169
10,159
10,158
10,157
10,156
10,155
10,154
10,153
10,152
10,151
10,150
10,149
10,148
10,147
10,146
10,145
10,144
